<?xml version="1.0"?>
<opencv_storage>
<classifications type_id="opencv-matrix">
  <rows>180</rows>
  <cols>1</cols>
  <dt>i</dt>
  <data>
    122 116 114 112 109 102 101 100 98 97 121 120 119 118 117 115 113
    111 110 108 107 106 105 104 103 99 57 56 55 54 53 51 50 48 52 49 114
    112 109 100 98 97 122 121 120 119 118 117 116 115 113 111 110 108
    107 106 105 104 103 102 101 99 52 49 57 56 55 54 53 51 50 48 122 121
    120 119 118 117 116 115 114 113 112 111 110 109 108 107 106 105 104
    103 102 101 100 99 98 97 57 56 55 54 53 52 51 50 49 48 122 121 120
    119 118 117 116 114 112 110 109 108 107 106 105 104 102 101 100 98
    97 115 113 111 103 99 55 51 50 49 57 56 54 53 52 48 114 112 109 100
    98 97 122 121 120 119 118 117 116 115 113 111 110 108 107 106 105
    104 103 102 101 99 55 53 52 57 56 54 51 50 49 48</data></classifications>
</opencv_storage>
